0 0 0 0 0 0 0 0 0 0 -0.001286552548672278 -0.001286552548672278 -0.001286552548672278 -0.001286552548672278 -0.001286552548672278 0.017583993474368231 0.017583993474368231 0.017583993474368231 0.017583993474368231 0.02392869504302305 0.006344701568654818 0.006344701568654818 0.006344701568654818 0.006344701568654818 0 0 0 0 0 0 0 0 0 0 0 0 0 0 0 0 0 0 0 0 0 0 0 0 0 0 
0 0 0 0 0 0 0 0 0 0 -0.001286552548672278 -0.002573105097344556 -0.002573105097344556 -0.002573105097344556 -0.002573105097344556 0.016297440925695954 0.028823285380081644 0.028823285380081644 0.028823285380081644 0.035167986948736463 0.017583993474368231 0.006344701568654818 0.006344701568654818 0.006344701568654818 0 0 0 0 0 0 0 0 0 0 0 0 0 0 0 0 0 0 0 0 0 0 0 0 0 0 
0 0 0 0 0 0 0 -0.001286552548672278 -0.001286552548672278 -0.001286552548672278 -0.002573105097344556 -0.0038596576460168341 -0.0038596576460168341 -0.0038596576460168341 -0.0038596576460168341 0.015010888377023676 0.027536732831409366 0.051301869191508469 0.051301869191508469 0.057646570760163288 0.040062577285795056 0.028823285380081644 0.006344701568654818 0.006344701568654818 0 0 0 0 0 0 0 0 0 0 0 0 0 0 0 0 0 0 0 0 0 0 0 0 0 0 
0 0 0 0 0 0 0 -0.001286552548672278 -0.002573105097344556 -0.002573105097344556 -0.0038596576460168341 -0.0051462101946891121 -0.0051462101946891121 0.0010349326910417604 0.0010349326910417604 0.01990547871408227 0.03243132316846796 0.056196459528567062 0.057646570760163288 0.0639912723288181 0.046407278854449875 0.035167986948736463 0.012689403137309636 0.006344701568654818 0 0 0 0 0 0 0 0 0 0 0 0 0 0 0 0 0 0 0 0 0 0 0 0 0 0 
0 0 0 0 0 0 0 -0.001286552548672278 -0.002573105097344556 -0.0051462101946891121 -0.0064327627433613897 -0.0077193152920336672 -0.0077193152920336672 -0.0015381724063027956 0.010824113365158951 0.029694659388199457 0.042220503842585147 0.065985640202684243 0.067435751434280475 0.0639912723288181 0.046407278854449875 0.035167986948736463 0.012689403137309636 0.006344701568654818 0 0 0 0 0 0 0 0 0 0 0 0 0 0 0 0 0 0 0 0 0 0 0 0 0 0 
0 0 0 0 0 0 0 -0.001286552548672278 -0.002573105097344556 -0.0051462101946891121 -0.0064327627433613897 -0.0077193152920336672 -0.0077193152920336672 -0.0015381724063027956 0.010824113365158951 0.017005256250889823 0.029531100705275513 0.053296237065374612 0.054746348296970837 0.051301869191508469 0.046407278854449875 0.035167986948736463 0.012689403137309636 0.006344701568654818 0 0 0 0 0 0 0 0 0 0 0 0 0 0 0 0 0 0 0 0 0 0 0 0 0 0 
0 0 0 0 0 0 0 -0.001286552548672278 -0.002573105097344556 -0.0051462101946891121 -0.0064327627433613897 -0.0064327627433613897 -0.0064327627433613897 -0.00025161985763051762 0.012110665913831229 0.0182918087995621 0.0182918087995621 0.042056945159661199 0.043507056391257425 0.040062577285795056 0.035167986948736463 0.035167986948736463 0.012689403137309636 0.006344701568654818 0 0 0 0 0 0 0 0 0 0 0 0 0 0 0 0 0 0 0 0 0 0 0 0 0 0 
0 0 0 0 0 0 0 0 -0.001286552548672278 -0.0038596576460168341 -0.0051462101946891121 -0.0051462101946891121 -0.0051462101946891121 0.0010349326910417604 0.013397218462503507 0.019578361348234378 0.019578361348234378 0.019578361348234378 0.021028472579830603 0.017583993474368231 0.012689403137309636 0.012689403137309636 0.012689403137309636 0.006344701568654818 0 0 0 0 0 0 0 0 0 0 0 0 0 0 0 0 0 0 0 0 0 0 0 0 0 0 
0 0 0 0 0 0 0 0 0 -0.002573105097344556 -0.0038596576460168341 -0.0038596576460168341 -0.0038596576460168341 -0.0038596576460168341 0.0085026281254449113 0.014683771011175784 0.014683771011175784 0.014683771011175784 0.014683771011175784 0.011239291905713412 0.006344701568654818 0.006344701568654818 0.006344701568654818 0.006344701568654818 0 0 0 0 0 0 0 0 0 0 0 0 0 0 0 0 0 0 0 0 0 0 0 0 0 0 
0 0 0 0 -0.010921349620150976 -0.010921349620150976 -0.010921349620150976 -0.010921349620150976 -0.010921349620150976 0 -0.001286552548672278 -0.001286552548672278 -0.001286552548672278 -0.001286552548672278 -0.001286552548672278 0.0048945903370585945 0.0048945903370585945 0.0048945903370585945 0.0048945903370585945 0.0048945903370585945 0 0 0 0 0 0 0 0 0 0 0 0 0 0 0 0 0 0 0 0 0 0 0 0 -0.030251866693453835 -0.030251866693453835 -0.030251866693453835 -0.030251866693453835 -0.030251866693453835 0 
-0.021842699240301952 -0.021842699240301952 -0.021842699240301952 -0.021842699240301952 -0.032764048860452928 -0.010921349620150976 -0.010921349620150976 -0.010921349620150976 -0.010921349620150976 0 0 0 0 0 0 0 0 0 0 0 0 0 0 0 0 0 0 0 0 0 0 0 0 0 0 0 0 0 0 0 -0.01169701215602633 -0.01169701215602633 -0.01169701215602633 -0.01169701215602633 -0.041948878849480169 -0.048806721230881339 -0.048806721230881339 -0.048806721230881339 -0.048806721230881339 -0.018554854537427504 
-0.021842699240301952 -0.032764048860452928 -0.032764048860452928 -0.032764048860452928 -0.043685398480603904 -0.021842699240301952 -0.010921349620150976 -0.010921349620150976 -0.010921349620150976 0 0 0 0 0 0 0 0 0 0 0 0 0 0 0 0 0 0 0 0 0 0 0 0 0 0 0 0 0 0 0 -0.01169701215602633 -0.017545518234039496 -0.017545518234039496 -0.017545518234039496 -0.04779738492749333 -0.054655227308894508 -0.05808414849959509 -0.05808414849959509 -0.05808414849959509 -0.027832281806141258 
-0.021842699240301952 -0.032764048860452928 -0.05460674810075488 -0.05460674810075488 -0.065528097720905856 -0.043685398480603904 -0.032764048860452928 -0.010921349620150976 -0.010921349620150976 0 0 0 0 0 0 0 0 0 0 0 0 0 0 0 0 0 0 0 0 0 0 0 0 0 0 0 0 0 0 0 -0.01169701215602633 -0.017545518234039496 -0.03851995765877958 -0.03851995765877958 -0.068771824352233418 -0.075629666733634596 -0.079058587924335177 -0.06736157576830884 -0.06736157576830884 -0.037109709074855009 
-0.021842699240301952 -0.032764048860452928 -0.05460674810075488 -0.065528097720905856 -0.076449447341056825 -0.05460674810075488 -0.043685398480603904 -0.021842699240301952 -0.010921349620150976 0 0 0 0 0 0 0 0 0 0 0 0 0 0 0 0 0 0 0 0 0 0 0 0 0 0 0 0 0 0 0 -0.01169701215602633 -0.017545518234039496 -0.03851995765877958 -0.053645891005506499 -0.083897757698960337 -0.090755600080361515 -0.094184521271062097 -0.082487509115035759 -0.06736157576830884 -0.037109709074855009 
-0.021842699240301952 -0.032764048860452928 -0.05460674810075488 -0.065528097720905856 -0.076449447341056825 -0.05460674810075488 -0.043685398480603904 -0.021842699240301952 -0.010921349620150976 0 0 0 0 0 0 0 0 0 0 0 0 0 0 0 0 0 0 0 0 0 0 0 0 0 0 0 0 0 0 0 -0.01169701215602633 -0.017545518234039496 -0.03851995765877958 -0.053645891005506499 -0.053645891005506499 -0.060503733386907677 -0.063932654577608258 -0.052235642421581921 -0.037109709074855009 -0.037109709074855009 
0 -0.010921349620150976 -0.032764048860452928 -0.043685398480603904 -0.05460674810075488 -0.058087566700854049 -0.047166217080703073 -0.02532351784040112 -0.014402168220250144 -0.0034808186000991684 0 0 0 0 0 0 0 0 0 0 0 0 0 0 0 0 0 0 0 0 0 0 0 0 0 0 0 0 0 0 0 -0.0058485060780131652 -0.026822945502753246 -0.041948878849480162 -0.041948878849480162 -0.06476236236062545 -0.068191283551326032 -0.056494271395299701 -0.041368338048572782 -0.041368338048572782 
0 0 -0.021842699240301952 -0.032764048860452928 -0.043685398480603904 -0.047166217080703073 -0.050647035680802241 -0.028804336440500289 -0.017882986820349313 -0.0069616372001983368 -0.0034808186000991684 0 0 0 0 0 0 0 0 0 0 0 0 0 0 0 0 0 0 0 0 0 0 0 0 0 0 0 0 0 0 0 -0.020974439424740081 -0.036100372771467 -0.036100372771467 -0.058913856282612281 -0.070320598038184925 -0.058623585882158588 -0.043497652535431669 -0.043497652535431669 
0 0 0 -0.010921349620150976 -0.021842699240301952 -0.02532351784040112 -0.028804336440500289 -0.035765973640698626 -0.02484462402054765 -0.013923274400396674 -0.010442455800297505 -0.0069616372001983368 0 0 0 0 0 0 0 0 0 0 0 0 0 0 0 0 0 0 0 0 0 0 0 0 0 0 0 0 0 0 -0.011406741755572641 -0.026532675102299556 -0.026532675102299556 -0.049346158613444838 -0.060752900369017482 -0.060752900369017482 -0.045626967022290563 -0.045626967022290563 
0 0 0 0 -0.010921349620150976 -0.014402168220250144 -0.017882986820349313 -0.02484462402054765 -0.028325442620646818 -0.017404093000495842 -0.013923274400396674 -0.010442455800297505 -0.0034808186000991684 0 0 0 0 0 0 0 0 0 0 0.003413910357767923 0.003413910357767923 0.003413910357767923 0.003413910357767923 0.003413910357767923 0 0 0 0 0 0 0 0 0 0 0 0 0 0 -0.011406741755572641 -0.022813483511145281 -0.022813483511145281 -0.045626967022290563 -0.057033708777863207 -0.057033708777863207 -0.045626967022290563 -0.045626967022290563 
0 0 0 0 -0.0034808186000991684 -0.0069616372001983368 -0.010442455800297505 -0.017404093000495842 -0.02088491160059501 -0.02088491160059501 -0.017404093000495842 -0.013923274400396674 -0.0069616372001983368 -0.0034808186000991684 0 0 0 0 0 0.0068278207155358459 0.0068278207155358459 0.0068278207155358459 0.0068278207155358459 0.01024173107330377 0.003413910357767923 0.003413910357767923 0.003413910357767923 0.003413910357767923 0 0 0 0 0 0 0.0050086155594598076 0.0050086155594598076 0.0050086155594598076 0.0050086155594598076 0.0050086155594598076 0.0017632965207954672 0.0017632965207954672 0.0017632965207954672 -0.0096434452347771739 -0.021050186990349815 -0.045626967022290563 -0.068440450533435851 -0.079847192289008495 -0.079847192289008495 -0.068440450533435851 -0.045626967022290563 
0 0 0 0 -0.0034808186000991684 -0.0069616372001983368 -0.010442455800297505 -0.017404093000495842 -0.02088491160059501 -0.02088491160059501 -0.017404093000495842 -0.013923274400396674 -0.0069616372001983368 -0.0034808186000991684 0 0 0 0 0 0.0068278207155358459 0.013655641431071692 0.013655641431071692 0.013655641431071692 0.017069551788839614 0.01024173107330377 0.003413910357767923 0.003413910357767923 0.003413910357767923 0 0 0 0 0 0 0.0050086155594598076 0.010017231118919615 0.010017231118919615 0.010017231118919615 0.010017231118919615 0.0067719120802552744 0.0052898895623864021 0.0052898895623864021 -0.0061168521931862386 -0.017523593948758881 -0.042100373980699629 -0.045626967022290563 -0.057033708777863207 -0.057033708777863207 -0.045626967022290563 -0.022813483511145281 
0 0 0 0 -0.0034808186000991684 -0.0069616372001983368 -0.0069616372001983368 -0.013923274400396674 -0.017404093000495842 -0.017404093000495842 -0.013923274400396674 -0.013923274400396674 -0.0069616372001983368 -0.0034808186000991684 0 0 0 0 0 0.0068278207155358459 0.013655641431071692 0.014739274679391925 0.014739274679391925 0.018153185037159847 0.011325364321624003 0.0044975436060881568 0.003413910357767923 0.003413910357767923 0 0 0 0.0025043077797299038 0.0025043077797299038 0.0025043077797299038 0.0075129233391897114 0.012521538898649518 0.010017231118919615 0.010017231118919615 0.010017231118919615 0.0067719120802552744 0.0052898895623864021 0.0070531860831818689 -0.0043535556723907718 -0.015760297427963414 -0.040337077459904162 -0.043863670501495096 -0.045626967022290563 -0.045626967022290563 -0.034220225266717919 -0.011406741755572641 
0 0 0 0 -0.0034808186000991684 -0.0069616372001983368 -0.0069616372001983368 -0.0069616372001983368 -0.010442455800297505 -0.010442455800297505 -0.0069616372001983368 -0.0069616372001983368 -0.0069616372001983368 -0.0034808186000991684 0 0 0 0 0 0.0068278207155358459 0.013655641431071692 0.014739274679391925 0.016906541176032391 0.020320451533800313 0.013492630818264469 0.0066648101027286227 0.0055811768544083897 0.003413910357767923 0 0 0 0.0025043077797299038 0.0075129233391897114 0.0075129233391897114 0.012521538898649518 0.017530154458109324 0.015025846678379421 0.010017231118919615 0.010017231118919615 0.0067719120802552744 0.0052898895623864021 0.0070531860831818689 0.010579779124772802 -0.00082696263079983737 -0.025403742662740588 -0.028930335704331518 -0.030693632225126985 -0.034220225266717919 -0.022813483511145281 0 
0 0 0 0 -0.0034808186000991684 -0.0069616372001983368 -0.0069616372001983368 -0.0069616372001983368 -0.0069616372001983368 -0.0069616372001983368 -0.0034808186000991684 -0.0034808186000991684 -0.0034808186000991684 -0.0034808186000991684 0 0 0 0 0 0.0068278207155358459 0.013655641431071692 0.014739274679391925 0.016906541176032391 0.014576264066584702 0.0077484433510488556 0.00092062263551301055 -0.00016301061280722283 -0.0023302771094476896 0 0 0 0.0025043077797299038 0.0075129233391897114 0.010017231118919615 0.015025846678379421 0.020034462237839227 0.017530154458109324 0.012521538898649518 0.010017231118919615 0.0067719120802552744 0.0052898895623864021 0.0070531860831818689 0.010579779124772802 0.012343075645568269 -0.012233704386372481 -0.015760297427963414 -0.017523593948758881 -0.021050186990349815 -0.022813483511145281 0 
0 0 0 0 0 -0.0034808186000991684 -0.0034808186000991684 -0.0034808186000991684 -0.0034808186000991684 -0.0034808186000991684 0 0 0 0 0 0 0 0 0 0 0.0068278207155358459 0.0079114539638560789 0.010078720460496545 0.0077484433510488556 0.0030878891321534777 -0.0037399315833823699 -0.0048235648317026033 -0.0069908313283430692 -0.0046605542188953792 0 0 0.0025043077797299038 0.0075129233391897114 0.010017231118919615 0.010017231118919615 0.015025846678379421 0.012521538898649518 0.0075129233391897114 0.0050086155594598076 0.00025659846422513861 -0.0012254240536437346 0.00053787246715173266 0.0040644655087426675 0.0058277620295381343 0.012343075645568269 0.0088164826039773356 0.0070531860831818689 0.0035265930415909344 0.0017632965207954672 0 
0 0 0 0 0 0 0 0 0 0 0 0 0 0 0 0 0 0 0 0 -0.0023302771094476896 -0.0012466438611274562 0.00092062263551301055 -0.001409654473934679 -0.0060702086928300595 -0.0060702086928300595 -0.0071538419411502924 -0.0093211084377907583 -0.0069908313283430692 -0.0023302771094476896 0 0.0025043077797299038 0.0075129233391897114 0.010017231118919615 0.010017231118919615 0.010017231118919615 0.0075129233391897114 0.0025043077797299038 0 -0.004752017095234669 -0.009504034190469338 -0.0077407376696738712 -0.0042141446280829376 -0.0024508481072874704 0.0040644655087426675 0.0088164826039773356 0.0070531860831818689 0.0035265930415909344 0.0017632965207954672 0 
0 0 0 0 0 0 0 0 0 0 0 0 0 0 0 0 0 0 0 0 -0.0023302771094476896 -0.0023302771094476896 -0.00016301061280722283 -0.0024932877222549124 -0.0071538419411502924 -0.0071538419411502924 -0.0071538419411502924 -0.0093211084377907583 -0.0069908313283430692 -0.0023302771094476896 0 0 0.0050086155594598076 0.0075129233391897114 0.0075129233391897114 0.0075129233391897114 0.0075129233391897114 0.0025043077797299038 0 -0.004752017095234669 -0.009504034190469338 -0.011880042738086672 -0.0083534496964957385 -0.0065901531757002717 -7.4839559670134611e-05 0.0046771775355645348 0.0070531860831818689 0.0035265930415909344 0.0017632965207954672 0 
0 0 0 0 0 0 0 0 0 0 0 0 0 0 0 0 0 0 0 0 -0.0023302771094476896 -0.0023302771094476896 -0.0023302771094476896 -0.0046605542188953792 -0.0093211084377907583 -0.0093211084377907583 -0.0093211084377907583 -0.0093211084377907583 -0.0069908313283430692 -0.0023302771094476896 0 0 0 0.0025043077797299038 0.0025043077797299038 0.0025043077797299038 0.0025043077797299038 -0.0022477093155047652 -0.004752017095234669 -0.009504034190469338 -0.014256051285704006 -0.01663205983332134 -0.011880042738086672 -0.010116746217291205 -0.003601432601261069 0.0011505844939735999 0.0035265930415909344 0.0035265930415909344 0.0017632965207954672 0 
0 0 0 0 0 0 0 0 0 0 0 0 0 0 0 0 0 0 0 0 -0.0023302771094476896 -0.0023302771094476896 -0.0023302771094476896 -0.0023302771094476896 -0.0069908313283430692 -0.0069908313283430692 -0.0069908313283430692 -0.0069908313283430692 -0.0069908313283430692 -0.0023302771094476896 0 0 0 0 0 0 0 -0.004752017095234669 -0.0071280256428520039 -0.011880042738086672 -0.01663205983332134 -0.019008068380938676 -0.014256051285704006 -0.011880042738086672 -0.0053647291220565363 -0.00061271202682186728 0.0017632965207954672 0.0017632965207954672 0.0017632965207954672 0 
0 0 0 0 0 0 0 0 0 0 0 0 0 0 0 0 0 0 0 0 -0.0023302771094476896 -0.0023302771094476896 -0.0023302771094476896 -0.0023302771094476896 -0.0023302771094476896 -0.0023302771094476896 -0.0023302771094476896 -0.0023302771094476896 -0.0023302771094476896 -0.0023302771094476896 0 0 0 0 0 0 0 -0.004752017095234669 -0.0071280256428520039 -0.0071280256428520039 -0.011880042738086672 -0.014256051285704006 -0.009504034190469338 -0.0071280256428520039 -0.0071280256428520039 -0.0023760085476173345 0 0 0 0 
0 0 0 0 0 0 0 0 0 0 0 0 0 0 0 0 0 0 0 0 0 0 0 0 0 0 0 0 0 0 0 0 0 0 0 0 0 -0.004752017095234669 -0.0071280256428520039 -0.0071280256428520039 -0.0071280256428520039 -0.009504034190469338 -0.004752017095234669 -0.0023760085476173345 -0.0023760085476173345 0.0055087832494950997 0.0078847917971124337 0.0078847917971124337 0.0078847917971124337 0.0078847917971124337 
0 0 0 0 0 0 0 0 0 0 0 0 0 0 0 0 0 0 0 0 0 0 0 0 0 0 0 0 0 0 0 0 0 0 0 0 0 -0.004752017095234669 -0.0071280256428520039 -0.0071280256428520039 -0.0071280256428520039 -0.0071280256428520039 -0.0023760085476173345 0 0 0.0078847917971124337 0.015769583594224867 0.015769583594224867 0.015769583594224867 0.015769583594224867 
0 0 0 0 0 0 0 0 0 0 0 0 0 0 0 0 0 0 0 0 0 0 0 0 0 0 0 0 0 0 0 0 0 0 0 0 0 0 -0.0023760085476173345 -0.0023760085476173345 -0.0023760085476173345 -0.0023760085476173345 0.013393575046607533 0.015769583594224867 0.015769583594224867 0.023654375391337301 0.031539167188449735 0.03471148997587814 0.03471148997587814 0.03471148997587814 
0 0 0 0 0 0 0 0 0 0 0 0 0 0 0 0 0 0 0 0 0 0 0 0 0 0 0 0 0 0 0 0 0 0 0 0 0 0 0 0 0 0 0.015769583594224867 0.023654375391337301 0.023654375391337301 0.031539167188449735 0.039423958985562169 0.042596281772990574 0.044182443166704777 0.044182443166704777 
0 0 0 0 0 0 0 0 0 0 0 0 0 0 0 0 0 0 0 0 0 0 0 0 0 0 0 0 0 0 0 0 0 0 0 0 0 0 0 0 0 0 0.015769583594224867 0.023654375391337301 0.058365865367215441 0.066250657164327875 0.074135448961440309 0.077307771748868714 0.078893933142582917 0.044182443166704777 
0 0 0 0 0 0 0 0 0 0 0 0 0 0 0 0 0 0 0 0 0 0 0 0 0 0 0 0 0 0 0 0 0 0 0 0 0 0 0 0 0 0 0.015769583594224867 0.023654375391337301 0.058365865367215441 0.085192563545981148 0.093077355343093582 0.096249678130521987 0.09783583952423619 0.06312434954835805 
0 0 0 0 0 0 0 0 0 0 0 0 0 0 0 0 0 0 0 0 0 0 0 0 0 0 0 0 0 0 0 0 0 0 0 0 0 0 0 0 0 0 0.015769583594224867 0.023654375391337301 0.058365865367215441 0.085192563545981148 0.094663516736807785 0.09783583952423619 0.099422000917950393 0.064710510942072252 
0 0 0 0 0 0 0 0 0 0 0 0 0 0 0 0 0 0 0 0 0 0 0 0 0 0 0 0 0 0 0 0 0 0 0 0 0 0 0 0 0 0 0 0.0078847917971124337 0.042596281772990574 0.069422979951756281 0.078893933142582917 0.078893933142582917 0.08048009453629712 0.04576860456041898 
0 0 0 0 0 0 0 0 0 0 0 0 0 0 0 0 0 0 -0.0095583905405750499 -0.0095583905405750499 -0.0095583905405750499 -0.0095583905405750499 -0.0095583905405750499 0 0 0 0 0 0 0 0 0 0 0 0 0 0 0 0 0 0 0 0 0 0.03471148997587814 0.061538188154643847 0.071009141345470483 0.071009141345470483 0.071009141345470483 0.036297651369592343 
0 0 0 0 0 0 0 0 0 0 0 0 0 0 0 0 0 0 -0.0095583905405750499 -0.02867517162172515 -0.02867517162172515 -0.02867517162172515 -0.02867517162172515 -0.0191167810811501 0 0 0 0 0 0 0 0 0 0 0 0 0 0 0 0 0 0 0 0 0 0.026826698178765707 0.036297651369592343 0.036297651369592343 0.036297651369592343 0.036297651369592343 
0 0 0 0 0 0 0 0 0 0 0 0 0 0 0 0 0 0 -0.0095583905405750499 -0.02867517162172515 -0.04779195270287525 -0.04779195270287525 -0.04779195270287525 -0.0382335621623002 -0.0191167810811501 0 0 0 0 0 0 0 0 0 0 0 0 0 0 0 0 0 0 0 0 0 0.0094709531908266382 0.0094709531908266382 0.0094709531908266382 0.0094709531908266382 
0 0 0 0 0 0 0.00376690885976203 0.00376690885976203 0.00376690885976203 0.00376690885976203 0.00376690885976203 0 0 0 0 0 0 0 -0.0095583905405750499 -0.02867517162172515 -0.04779195270287525 -0.0573503432434503 -0.0573503432434503 -0.04779195270287525 -0.02867517162172515 -0.0095583905405750499 0 0 0 0 0 0 0 0 0 0 0 0 0 0 0 0 0 0 0 0 0 0 0 0 
0 0 0 0 0 0 0.00376690885976203 0.01130072657928609 0.01130072657928609 0.01130072657928609 0.01130072657928609 0.0075338177195240601 0 0 0 0 0 -0.0191167810811501 -0.02867517162172515 -0.04779195270287525 -0.066908733784025343 -0.0764671243246004 -0.0573503432434503 -0.04779195270287525 -0.02867517162172515 -0.0095583905405750499 0 0 0 0 0 0 -0.0034178214406713502 -0.0034178214406713502 -0.0034178214406713502 -0.0034178214406713502 -0.0034178214406713502 0 0 0 0 0 0 0 0 0 0 0 0 0 
0 0 0 0 0 0 0.00376690885976203 0.01130072657928609 0.01506763543904812 0.01506763543904812 0.01506763543904812 0.01130072657928609 0.00376690885976203 0 0 0 0 -0.0191167810811501 -0.0191167810811501 -0.0382335621623002 -0.0573503432434503 -0.066908733784025343 -0.04779195270287525 -0.04779195270287525 -0.02867517162172515 -0.0095583905405750499 0 0 0 0 0 0 -0.0034178214406713502 -0.0051267321610070256 -0.0051267321610070256 -0.0051267321610070256 -0.0051267321610070256 -0.0017089107203356751 0 0 0 0 0 0 0 0 0 0 0 0 
0 0 0 0 0.00376690885976203 0.00376690885976203 0.0075338177195240601 0.01506763543904812 0.018834544298810152 0.023807331607230413 0.023807331607230413 0.020040422747468381 0.012506605027944317 0.0087396961681822875 0 0 0 -0.0191167810811501 -0.0191167810811501 -0.0191167810811501 -0.0382335621623002 -0.04779195270287525 -0.02867517162172515 -0.02867517162172515 -0.02867517162172515 -0.0095583905405750499 0 0 0 0 0 0 -0.0034178214406713502 -0.0051267321610070256 -0.0085445536016783754 -0.0085445536016783754 -0.0085445536016783754 -0.0051267321610070256 -0.0034178214406713502 0 0 0 0 0 0 0 0 0 0 0 
0 0 0 0 0.00376690885976203 0.01130072657928609 0.01506763543904812 0.022601453158572184 0.026368362018334215 0.031341149326754476 0.028780118915650667 0.025013210055888635 0.017479392336364575 0.013712483476602545 0.0049727873084202574 0 0 -0.0191167810811501 -0.0191167810811501 -0.0191167810811501 -0.0191167810811501 -0.02867517162172515 -0.0095583905405750499 -0.0095583905405750499 -0.0095583905405750499 -0.0095583905405750499 0 0 0 0 -0.0017089107203356751 -0.0017089107203356751 -0.0051267321610070256 -0.0068356428813427005 -0.010253464322014051 -0.010253464322014051 -0.010253464322014051 -0.0068356428813427005 -0.0051267321610070256 -0.0017089107203356751 0 0 0 0 0 0 0 0 0 0 
0 0 0 0 0.00376690885976203 0.01130072657928609 0.01130072657928609 0.018834544298810152 0.022601453158572184 0.027574240466992445 0.025013210055888635 0.027499603710098762 0.019965785990574705 0.016198877130812674 0.0074591809626303861 0.0024863936542101287 0 -0.0191167810811501 -0.0191167810811501 -0.0191167810811501 -0.0191167810811501 -0.0191167810811501 0 0 0 0 0 0 0 0 -0.0017089107203356751 -0.0034178214406713502 -0.0068356428813427005 -0.0085445536016783754 -0.011962375042349727 -0.011962375042349727 -0.010253464322014051 -0.0068356428813427005 -0.0051267321610070256 -0.0017089107203356751 0 0 0 0 0 0 0 0 0 0 
0 0 0 0 0.00376690885976203 0.01130072657928609 0.01130072657928609 0.013787120233496219 0.017554029093258247 0.022526816401678508 0.019965785990574705 0.022452179644784832 0.022452179644784832 0.018685270785022801 0.0099455746168405149 0.0049727873084202574 0.0024863936542101287 0 0 0 0 0 0 0 0 0 0 0 0 0 -0.0017089107203356751 -0.0034178214406713502 -0.0034178214406713502 -0.0051267321610070256 -0.0085445536016783754 -0.0085445536016783754 -0.0068356428813427005 -0.0068356428813427005 -0.0051267321610070256 -0.0017089107203356751 0 0 0 0 0 0 0 0 0 0 
0 0 0 0 0.00376690885976203 0.01130072657928609 0.01130072657928609 0.013787120233496219 0.016273513887706349 0.021246301196126603 0.018685270785022801 0.021171664439232928 0.021171664439232928 0.018685270785022801 0.0099455746168405149 0.0049727873084202574 0.0024863936542101287 0 0 0 0 0 0 0 0 0 0 0 0 0 -0.0017089107203356751 -0.0034178214406713502 -0.0034178214406713502 -0.0034178214406713502 -0.0068356428813427005 -0.0068356428813427005 -0.0051267321610070256 -0.0051267321610070256 -0.0051267321610070256 -0.0017089107203356751 0 0 0 0 0 0 0 0 0 0 
0 0 0 0 0 0.0075338177195240601 0.0075338177195240601 0.010020211373734189 0.012506605027944317 0.012506605027944317 0.0099455746168405149 0.012431968271050644 0.012431968271050644 0.0099455746168405149 0.0099455746168405149 0.0049727873084202574 0.0024863936542101287 0 0 0 0 0 0 0 0 0 0 0 0 0 -0.0017089107203356751 -0.0034178214406713502 -0.0034178214406713502 -0.0034178214406713502 -0.0034178214406713502 -0.0034178214406713502 -0.0017089107203356751 -0.0017089107203356751 -0.0017089107203356751 -0.0017089107203356751 0 0 0 0 0 0 0 0 0 0 
